538408
539444
542970
547033
551790
626050
633206
692405
692520
695689
723138
738149
631404
700872
734510
648905
670765
673777
684940
686513
691964
717436
733803
526992
649427
688000
719299
723178
725107
727488
731804
411292
453727
463125
518887
519557
520052
538736
602283
685096
685139
687969
688750
723267
731145
740118
521577
533893
548484
687120
689029
702337
726974
727261
649103
692374
717000
519556
529573
532522
668320
686264
694750
539006
545266
616306
648752
686084
687658
413989
722279
537793
625271
648804
554804
632379
518570
538846
540757
603425
709257
736739
